A	B	C	D	E	F
1	27.10	57712	8662	2234	I
2	27.10	57487	2682	2915	I
3	27.10	57477	9133	9110	I
4	27.10	57157	3740	3543	I
5	27.10	57240	3562	3572	II
6	27.10	57887	8681	2234	I
7	29.10	57739	4926	4926	I
8	29.10	57856	8883	8883	I
9	29.10	57131	4673	8327	II
10	29.10	57446	8771	8772	I
11	29.10	57358	3308	1111	I
12	29.10	57187	2299	1199	I
13	29.10	57472	2676	0493	II
14	29.10	57571	8283	8285	I
15	29.10	57930	1800	1688	I
16	30.10	57201	4216	9861	I
17	30.10	57827	1716	1713	I
18	30.10	57504	9157	9155	II
19	30.10	57736	9722	7489	I
20	31.10	57214	4829	1200	II
21	31.10	57199	9856	8756	II
22	31.10	57167	3443	2841	II
23	31.10	57630	7865	7860	II
24	31.10	57809	0698	1896	II
25	31.10	57914	2512	2580	II
26	31.10	57113	5602	8852	II
27	01.11	57112	7683	0029	II
28	01.11	57672	4076	0341	II
29	01.11	57646	7152	6060	II
30	01.11	57724	1995	1945	II


A-liczba porządkowa
B-data wypożyczenia
C-numer roweru
D-kod zamka
E-poprzednia wartoś zamka
F-kategoria(I-zamek elektroniczny, II-zamek fizyczny)
